1012 1
1084 1
1086 1
1098 1
1102 1
1109 1
1122 1
1132 1
1138 1
1139 1
1140 1
1141 1
1188 1
1200 1
1223 1
123 1
1234 1
1263 2
1265 2
1270 1
1306 1
1323 1
1336 1
1358 1
1379 1
1380 1
1396 1
140 1
1453 2
1455 1
1464 2
1477 1
1484 1
1487 1
1491 3
1496 1
1498 1
1613 1
1614 1
1767 1
1781 3
1787 1
1825 1
1860 1
1945 1
1949 1
196 1
1964 1
1978 1
2059 1
2083 1
2126 1
2178 1
2179 1
2252 1
2325 1
2341 1
249 1
254 1
2546 1
2645 1
2652 1
2684 1
272 1
2732 1
2842 1
288 1
2929 1
2934 1
3069 1
3073 1
3184 3
321 1
39 1
4 84
404 1
435 1
437 1
463 1
483 2
491 1
5 9
560 1
583 1
584 1
6 34
627 1
631 1
632 1
642 1
644 1
653 1
669 2
679 1
680 2
691 1
729 1
761 2
762 1
763 2
823 1
9 1
914 1
915 1
917 1
919 1
949 1
984 1
989 135
990 1
a 1
ca641013 1
cacm 1
e 1
iverson 1
jb 1
k 1
march 1
method 1
october 1
of 1
pm 1
specification 1
syntax 1
