10 1
1007 1
1012 1
1046 2
1062 1
1084 1
1098 1
11 1
1105 1
1121 1
1122 1
1131 1
1138 1
1139 164
1140 2
1141 2
1149 1
1198 1
1200 1
1215 2
1223 3
123 1
1234 1
1263 1
1265 5
1303 1
1323 1
1336 1
1358 1
1366 1
1396 1
1421 1
1455 1
1460 1
1462 1
1463 1
1467 1
1468 1
1477 2
1487 1
1491 2
1496 3
1531 1
1535 1
1565 1
1601 1
1602 1
1612 1
1613 1
1614 1
1626 1
1641 1
1647 1
1665 1
1781 4
1787 2
1788 1
1792 1
1824 1
1945 1
1947 1
196 1
1964 1
1978 1
205 1
2126 1
224 2
249 1
2546 1
267 1
288 1
316 1
3184 1
3185 1
3188 1
364 1
381 1
398 1
399 1
4 52
404 2
405 1
410 1
438 2
463 1
464 3
483 2
5 12
53 1
556 1
584 3
6 89
600 1
631 2
653 1
669 1
680 3
691 1
720 1
759 1
763 5
795 1
799 3
823 1
914 1
915 1
917 1
919 1
945 1
984 1
989 1
990 2
a 1
am 1
as 1
b 1
ca640204 1
cacm 1
february 1
fortran 1
iv 1
jb 1
language 1
leavenworth 1
m 1
march 1
syntax 1
