08 1
1007 1
1012 1
1025 1
1046 2
1084 1
1098 1
11 1
1102 1
1105 1
1109 1
1122 1
1131 1
1138 1
1139 5
1140 3
1141 3
1149 1
1188 1
1198 1
1200 1
1215 4
1223 3
123 2
1234 1
1263 1
1265 4
13 1
1303 1
1306 1
1323 1
1336 1
1358 1
1366 1
1396 1
140 1
1421 1
1455 1
1460 1
1462 1
1463 1
1464 1
1467 1
1468 1
1477 2
1487 1
1491 5
1496 4
1531 1
1535 1
1565 1
1601 1
1602 1
1613 1
1614 1
1626 1
1641 1
1647 1
1665 1
1767 1
1781 5
1787 4
1788 1
1792 1
1824 1
1945 1
1949 1
196 3
1963 1
1978 1
205 1
2059 1
2126 2
224 4
249 2
254 1
2546 1
2603 1
267 1
272 1
2732 1
288 1
3073 1
316 1
3184 1
3188 1
321 1
364 1
381 1
398 1
4 79
404 2
405 1
410 1
412 1
435 1
437 1
438 1
463 2
464 2
483 3
491 1
5 13
560 1
583 1
584 3
6 102
600 1
627 1
631 3
632 1
642 1
644 1
653 2
669 1
680 4
691 1
761 1
762 1
763 207
795 1
799 3
8 1
823 1
914 1
915 1
917 1
919 2
945 1
984 1
989 2
990 2
a 1
august 1
bauer 1
ca630835 1
cacm 1
controlled 1
eickel 1
f 1
formal 1
generator 1
j 1
jb 1
k 1
l 1
language 1
m 1
march 1
of 1
paul 1
pm 1
processors 1
samelson 1
syntax 1
