1007 1
1046 1
11 1
1131 1
1139 1
1140 1
1149 1
1198 1
1215 1
1223 1
123 1
1265 1
1303 1
1323 1
1358 1
1366 1
1421 1
1460 1
1462 1
1463 1
1467 1
1468 1
1477 1
1491 1
1496 1
1531 1
1535 1
1565 1
16 1
1601 1
1602 1
1613 1
1614 1
1626 1
1641 1
1781 1
1787 1
1788 1
196 2
1961 1
1978 1
205 1
224 1
249 1
288 76
316 1
3184 2
3188 1
381 1
398 1
404 1
410 1
43 1
463 1
464 1
483 1
5 6
584 1
6 64
60 1
600 1
616 1
680 1
691 1
729 1
763 1
799 1
9 1
919 1
989 1
990 1
a 1
algol 1
ca610906jb 1
cacm 1
chart 1
l 1
march 1
of 1
pm 1
r 1
september 1
syntactical 1
taylor 1
turner 1
w 1
waychoff 1
