1102 1
1109 1
1140 1
1188 1
123 1
1306 1
140 1
1464 1
1491 1
168 2
17 1
1713 2
1767 1
1781 1
1787 1
185 1
1901 2
1949 1
196 1
1962 1
1978 1
2059 1
2126 1
249 1
254 1
272 1
2732 1
3073 1
3193 1
321 1
4 48
435 1
437 1
46 1
463 1
483 1
491 68
5 9
560 1
57 1
583 1
6 2
627 1
631 1
632 1
642 1
644 1
653 1
680 1
761 1
762 1
763 1
796 1
8 1
919 1
989 1
a 1
ca620901 1
cacm 1
computer 1
cost 1
design 1
digital 1
in 1
j 1
jb 1
low 1
march 1
multiprogramming 1
of 2
p 1
pearcey 1
penny 1
pm 1
september 1
t 1
the 1
use 1
