05 1
1007 1
1046 1
11 1
1102 1
1109 1
1131 1
1139 1
1140 2
1149 1
1188 1
1198 1
1215 1
1223 1
123 2
1265 1
1303 1
1306 2
1323 1
1358 1
1366 1
140 1
1421 1
1460 1
1462 1
1463 1
1464 1
1467 1
1468 1
1477 1
1491 2
1496 1
1531 1
1535 1
1565 1
1601 1
1602 1
1613 1
1614 1
1626 1
1641 1
17 1
1767 1
1781 2
1787 2
1788 1
1949 1
196 3
1962 1
1978 1
205 1
2059 1
2126 1
224 1
249 2
254 1
272 1
2732 1
288 1
3073 1
316 1
3184 1
3188 1
321 1
381 1
398 1
4 40
404 1
410 1
435 1
437 1
463 113
464 1
483 2
491 1
5 6
560 1
583 1
584 1
6 61
600 1
627 1
631 1
632 1
642 1
644 1
653 1
680 2
691 1
7 1
761 1
762 1
763 2
799 1
919 2
989 1
990 1
ambiguity 1
ca621017 1
cacm 1
floyd 1
in 1
jb 1
languages 1
march 1
october 1
on 1
phrase 1
pm 1
r 1
structure 1
w 1
