07 1
1024 1
1050 2
1051 2
106 4
1102 2
1109 1
1132 1
1140 1
1188 1
123 1
1306 1
1390 1
1393 1
140 1
1464 1
1486 1
1491 1
1549 4
1706 1
1749 1
1767 1
1781 1
1787 1
1826 2
1878 1
1949 1
196 1
1962 1
1978 1
20 1
2023 1
2059 1
2060 1
209 2
210 3
2126 1
2155 1
2168 1
2198 1
2452 1
249 1
254 1
2651 1
2719 1
272 1
2723 2
2732 1
2838 1
2842 1
2855 1
2879 1
2882 1
3 1
3073 1
3077 1
3080 1
3106 1
3112 1
321 1
367 1
378 1
4 71
406 1
435 1
437 1
463 1
483 1
491 1
5 12
560 1
583 1
6 25
627 120
631 1
632 1
642 1
644 1
653 1
680 1
731 3
753 1
761 1
762 1
763 1
793 1
849 1
919 1
989 1
ca620305 1
cacm 1
j 1
jb 1
knotted 1
list 1
march 2
pm 1
structures 1
weizenbaum 1
