02 1
1046 1
1102 1
1105 1
1109 1
1139 1
1140 2
1188 1
1198 1
123 1
1234 1
1263 1
1265 1
1306 1
14 1
140 1
1464 1
1477 1
1491 2
1496 1
1572 1
1614 1
1693 3
1749 1
1753 1
1767 1
1781 4
1787 1
1824 2
1861 1
1945 1
1949 1
196 1
1970 1
1978 1
2 1
2059 1
2126 104
2148 1
2317 2
249 1
254 1
2546 2
272 1
2732 1
3073 1
3184 1
321 1
4 71
404 2
412 1
422 1
435 1
437 1
463 1
464 1
483 1
491 1
5 10
560 1
583 1
584 1
6 13
627 1
631 2
632 1
642 1
644 1
653 2
680 2
691 1
761 1
762 1
763 2
795 1
799 1
823 1
919 1
945 1
989 1
ambiguity 1
an 2
and 2
appraised 1
are 1
base 1
bootstrapping 1
ca700105 1
cacm 1
categories 1
compiler 1
described 1
different 1
e 1
efficiency 1
experience 1
extensible 3
february 1
flexibility 1
for 1
irons 1
is 1
its 1
january 1
jb 1
language 3
languages 1
of 1
operational 1
pm 1
programming 1
respect 1
system 2
t 1
the 1
to 1
users 1
utility 1
with 2
