1007 1
1012 1
1046 1
1084 1
1098 1
11 1
1122 1
1131 1
1138 1
1139 2
1140 1
1141 1
1149 1
1198 1
1200 1
1215 1
1223 2
123 1
1265 2
1303 1
1323 1
1336 1
1358 1
1366 1
1396 1
1421 1
1455 1
1460 1
1462 1
1463 1
1466 1
1467 1
1468 2
1477 2
1487 1
1491 2
1496 2
1531 1
1535 1
1565 1
1601 1
1602 1
1613 1
1614 1
1626 1
1641 1
1781 1
1787 1
1788 1
1945 1
196 1
1964 1
1978 1
205 1
224 1
2341 1
249 1
288 1
316 1
3184 2
3188 1
381 1
398 1
4 1
404 1
410 1
42 1
463 1
464 1
483 2
5 6
584 2
6 92
600 1
669 1
680 2
691 1
763 2
799 1
823 1
9 1
914 1
915 1
917 1
919 1
984 1
989 1
990 104
a 4
are 1
assignment 1
between 1
but 1
ca641012 1
cacm 1
compiler 1
constraint 1
differentiation 1
explicit 1
for 3
formal 1
imply 1
in 2
including 1
is 1
iteration 1
jb 1
language 1
languages 1
m 1
made 1
making 1
march 1
newtonian 1
not 1
october 1
of 1
pm 1
programming 2
proposal 1
purpose 1
relations 1
routine 1
sets 1
statements 3
the 2
type 1
up 1
use 1
v 1
variables 1
which 2
wilkes 1
