1 2
100 1
1024 1
1051 2
106 3
1102 1
1132 1
1180 1
123 1
1303 1
1380 1
1389 1
1390 1
1421 1
1469 1
1477 1
1486 1
1491 1
1549 4
1626 3
164 1
1706 1
1749 1
1826 4
1834 1
1869 1
1878 2
196 2
1960 1
1972 2
1978 1
1982 1
2046 1
205 1
2060 4
208 1
209 2
210 168
2110 1
214 1
2148 1
2151 1
2155 1
2167 1
2168 1
2192 1
22 1
2210 1
2457 1
2513 1
2645 1
2651 1
2657 1
2665 1
2719 1
2723 2
2766 2
2833 1
2838 1
2842 1
2850 1
2855 2
2879 1
2954 1
2998 2
3077 1
3080 1
3106 1
3184 2
378 3
398 1
4 10
406 3
483 1
5 29
57 1
6 100
627 3
642 1
669 1
731 6
753 1
793 1
794 1
and 1
april 1
by 1
ca600401 1
cacm 1
computation 1
expressions 1
functions 1
i 1
j 1
jb 1
machine 1
march 1
mccarthy 1
of 1
part 1
pm 1
recursive 1
symbolic 1
their 1
