10 1
1007 1
1046 2
11 1
1102 1
1105 1
1109 1
1131 1
1139 2
1140 147
1141 1
1149 1
1188 1
1198 1
1215 1
1223 1
123 2
1234 1
1263 1
1265 2
1303 2
1306 1
1323 1
1358 1
1366 1
140 1
1421 1
1460 1
1462 1
1463 1
1464 1
1467 1
1468 1
1477 2
1491 4
1496 2
1531 1
1535 1
1565 1
1601 1
1602 1
1613 1
1614 1
1626 1
1641 1
1767 1
1781 3
1787 2
1788 1
1824 1
1825 1
1949 1
196 3
1964 1
1978 1
205 1
2059 1
2061 1
2126 2
224 1
249 2
254 1
2546 1
272 1
2732 1
288 1
3073 1
316 1
3184 2
3188 1
321 1
381 1
398 1
4 62
404 2
410 1
435 1
437 1
463 2
464 2
483 2
491 1
5 8
55 1
560 1
583 1
584 2
6 70
600 1
627 1
631 2
632 1
642 1
644 1
653 2
680 3
691 1
729 1
761 1
762 1
763 3
773 1
795 1
799 2
919 2
945 1
989 1
990 1
am 1
ca640203 1
cacm 1
connections 1
e 1
february 1
formal 1
in 1
irons 1
jb 1
language 1
march 1
structural 1
t 1
