1024 1
1050 1
1051 2
106 1
1102 2
1132 1
1184 1
12 1
1366 1
1389 2
1390 1
1421 2
1486 1
1496 1
1549 1
1552 1
1626 1
1641 1
1665 1
17 1
1706 1
1781 1
1785 1
1786 1
1826 1
1860 1
1878 1
1961 1
1978 1
2046 1
2060 2
208 1
209 1
210 3
2155 2
2168 1
2719 1
2723 1
2838 1
2842 1
2855 1
2879 1
3008 1
3077 1
3080 1
3106 1
3184 1
378 82
4 32
406 1
42 1
5 11
6 28
627 1
631 1
731 2
793 1
794 1
798 1
799 1
a 1
am 1
and 1
ca610304 1
cacm 1
calculation 1
d 1
for 1
generalized 1
jb 1
manipulation 1
march 2
numerical 1
ross 1
symbol 1
t 1
technique 1
