1 3
1007 1
1046 1
106 1
11 1
1102 1
1109 1
1131 1
1139 1
1140 3
1141 1
1149 1
1188 1
1198 1
1215 2
1223 1
123 2
1265 1
1303 2
1306 1
1323 1
1358 1
1366 1
140 1
1421 1
1460 1
1462 1
1463 1
1464 1
1467 2
1468 2
1477 1
1491 3
1496 3
152 1
1531 1
1535 1
1565 1
1601 1
1602 1
1613 1
1614 2
1626 1
1641 1
165 1
168 1
1693 1
1767 1
1781 2
1787 2
1788 1
1834 1
185 1
1949 1
196 248
1960 1
1978 1
205 1
2059 1
206 1
207 1
209 1
210 2
2126 1
22 1
224 3
249 3
254 1
271 1
272 1
2732 2
288 2
303 1
3073 1
316 1
3184 5
3188 1
321 2
34 1
381 1
387 1
398 1
400 1
401 1
402 1
404 7
406 1
410 1
412 1
435 1
437 1
46 1
463 3
464 1
483 4
491 1
5 43
51 1
560 1
583 1
584 1
6 162
60 1
600 1
615 1
627 1
631 2
632 1
642 2
644 1
653 1
680 2
691 1
729 1
761 1
762 1
763 3
799 3
823 1
919 2
946 1
947 1
989 1
990 1
algol 1
algorithmic 1
backus 1
ca600501 1
cacm 1
j 1
jb 1
language 1
march 1
may 1
naur 1
on 1
p 1
pm 1
report 1
the 1
