1007 1
1046 1
1086 1
11 1
1131 1
1132 1
1139 1
1140 1
1149 1
1198 1
1215 1
1223 1
123 1
1234 1
1263 1
1265 2
1270 1
13 1
1303 1
1323 2
1358 2
1366 1
1379 1
1380 1
1421 1
1453 1
1460 1
1462 1
1463 1
1464 1
1467 1
1468 1
1477 1
1484 1
1491 2
1496 1
1498 1
1531 1
1535 1
1565 1
1601 1
1602 1
1613 2
1614 2
1626 1
1641 1
1781 2
1787 1
1788 1
1825 1
1860 1
1945 1
196 1
1963 1
1978 1
205 1
2083 1
2126 1
2178 1
2179 1
224 1
2252 1
2325 1
2341 1
249 1
2546 1
2645 1
2652 1
2684 1
2842 1
288 1
2929 1
2934 1
3 1
3069 1
316 1
3184 2
3188 1
381 1
398 1
4 43
404 1
410 1
463 1
464 1
483 1
5 6
584 1
59 1
6 59
60 1
600 1
669 1
679 1
680 1
691 114
761 1
763 1
799 1
823 1
919 1
949 1
989 1
990 1
a 3
algol 1
also 1
an 1
and 1
apt 4
are 2
automatically 1
b 1
brown 1
c 1
ca631101 1
cacm 1
concerning 1
control 1
described 1
description 1
development 1
drayton 1
e 1
examples 1
for 1
historical 1
in 1
included 1
introduced 1
is 1
its 1
jb 1
language 2
march 1
metalinguistic 1
mittman 1
notation 1
november 1
numerical 1
of 4
pm 1
present 1
presented 1
programmed 1
programming 1
report 1
s 1
statement 1
status 1
summary 1
the 5
tools 1
usage 1
using 1
