1007 1
1012 1
1028 1
1029 1
1046 2
1083 1
1084 1
1086 1
1098 1
11 2
1105 1
1122 1
1131 1
1132 1
1137 1
1138 1
1139 3
1140 2
1141 3
1149 1
1198 1
1200 1
1214 1
1215 2
1223 2
123 1
1234 1
1263 1
1265 3
1278 1
1303 1
1323 1
1334 1
1336 1
1358 2
1365 1
1366 2
1386 1
1387 1
1388 1
1389 1
1392 1
1393 1
1394 1
1395 1
1396 3
1397 1
14 1
1421 2
1455 1
1460 1
1462 1
1463 1
1467 2
1468 2
1477 2
1487 1
1491 3
1496 205
1531 1
1535 1
1565 1
1601 1
1602 1
1613 1
1614 1
1626 2
1641 2
1683 1
1767 1
1768 1
1781 3
1785 1
1786 1
1787 3
1788 1
1824 1
1860 1
1945 2
196 3
1966 1
1978 1
1988 1
205 1
2061 1
2126 1
2155 1
224 2
2252 1
249 1
2546 1
284 1
288 1
3 1
31 1
316 1
3184 3
3188 1
3199 1
3200 1
3201 1
3202 1
3203 1
3204 1
378 1
381 2
398 1
4 30
404 2
407 1
410 1
463 1
464 2
483 2
5 14
561 1
584 3
6 148
600 1
631 1
653 1
669 1
680 3
691 1
730 1
763 4
795 1
799 3
823 1
914 1
915 1
917 1
919 1
945 1
964 1
984 1
989 1
990 2
a 7
an 2
and 1
application 1
based 1
basis 1
been 2
ca660101 1
cacm 1
class 1
compiler 4
complete 1
computer 2
construction 1
developed 1
discussion 1
efficient 1
example 1
feldman 1
for 4
formal 1
functioning 1
has 2
in 2
informal 1
is 1
its 1
j 1
january 1
jb 1
language 4
languages 2
large 1
march 1
meanings 1
meta 3
of 5
on 1
pm 1
presented 1
representing 1
semantic 1
semantics 1
small 1
statements 1
the 4
this 1
translator 1
