06 1
1086 1
1102 1
1109 1
1132 1
1140 1
1188 1
123 1
1234 1
1263 2
1265 1
1270 1
13 1
1306 1
1323 1
1358 1
1379 2
1380 1
140 1
1453 1
1464 2
1477 1
1484 1
1491 2
1498 1
1613 1
1614 1
1767 1
1781 2
1787 1
1825 1
1860 1
1949 1
196 1
1963 1
1978 1
2059 1
2083 1
2126 1
2178 1
2179 1
2252 1
2325 1
2341 1
249 1
254 1
2546 1
2645 1
2652 1
2684 1
272 1
2732 1
2842 1
2929 1
2934 1
3069 1
3073 1
3184 2
321 1
4 81
435 1
437 1
463 1
483 1
491 1
5 7
560 1
583 1
6 5
60 2
627 1
631 1
632 1
642 1
644 1
653 1
669 2
679 1
680 1
691 1
761 100
762 1
763 1
8 1
919 1
947 1
949 1
989 2
a 5
add 1
algol 2
also 1
ambiguities 1
ambiguous 1
and 1
are 1
august 1
background 1
been 1
but 1
ca630837 1
cacm 1
certain 1
convenience 1
dangling 1
discussion 1
eliminate 1
else 1
f 1
have 1
in 1
included 1
is 1
jb 1
jr 1
kaupe 1
language 1
march 1
not 1
note 1
of 4
on 1
only 1
pm 1
problem 1
proof 1
proposed 1
removed 1
revisions 1
sketch 1
some 2
statements 1
that 1
the 5
to 1
which 1
