1 1
100 1
1012 1
1084 2
1086 1
1098 1
1122 1
1132 1
1138 1
1139 1
1141 1
1200 1
1223 1
123 1
1234 1
1248 1
1263 2
1265 2
1270 1
13 1
1323 1
1336 1
1358 1
1379 2
1380 1
1396 1
1453 1
1455 1
1464 1
1477 2
1484 1
1487 1
1491 2
1496 1
1498 1
1613 1
1614 1
1625 1
164 1
1781 2
1825 1
1860 1
1945 1
1963 1
1978 1
1982 1
2 1
205 1
2083 1
210 1
214 1
2178 1
2179 1
2252 1
2325 1
2341 1
2546 1
2645 1
2652 1
2684 1
2842 1
2929 1
2934 1
3069 1
3184 2
398 1
4 52
410 1
483 1
5 10
584 1
59 1
6 42
603 1
642 1
644 1
669 114
679 1
680 1
691 1
761 2
763 1
791 1
797 1
823 1
868 1
914 1
915 1
917 1
949 1
984 1
989 2
990 1
a 1
c 1
ca631205 1
cacm 1
december 1
j 1
jb 1
jovial 1
march 1
of 1
pm 1
shaw 1
specification 1
