1006 1
1007 73
1046 1
11 1
1131 1
1139 1
1140 1
1149 1
1198 1
1215 1
1223 1
123 1
1265 1
13 1
1303 1
1323 1
1358 1
1366 1
1421 1
1460 1
1462 1
1463 1
1467 1
1468 1
1477 1
1491 1
1496 1
1531 1
1535 1
1565 1
1601 1
1602 1
1613 1
1614 1
1626 1
1641 1
1781 1
1787 1
1788 2
196 1
1964 1
1978 1
205 2
224 1
249 1
288 1
316 1
3184 1
3188 1
3189 1
381 1
398 1
404 1
410 1
463 1
464 1
483 1
5 5
584 1
6 64
600 1
680 1
691 1
763 1
799 1
9 1
919 1
990 1
a 2
add 1
an 1
and 1
application 1
belfap 1
benett 1
by 1
ca640904 1
cacm 1
compilers 1
concatenation 1
d 1
description 1
employed 1
existing 1
extension 1
facility 1
h 1
in 1
is 1
jb 1
k 1
macros 2
march 1
neumann 1
new 1
of 3
pm 1
presented 1
r 1
september 1
sophisticated 1
string 1
to 2
use 1
were 1
which 1
