1007 1
1012 3
1046 2
1072 1
1084 1
1098 1
11 1
1102 1
1105 1
1109 1
1122 1
1131 1
1138 1
1139 3
1140 3
1141 1
1149 1
1179 1
1188 1
1198 1
1200 1
1215 1
1223 2
1225 2
123 2
1234 1
1263 1
1265 4
13 1
1303 1
1306 1
1323 1
1336 1
1350 1
1358 1
1366 1
1396 1
1399 1
140 1
1421 1
1455 1
1460 1
1462 1
1463 1
1464 1
1467 1
1468 1
1477 4
1487 1
1491 6
1496 3
1531 1
1535 1
1565 1
1601 1
1602 1
1613 1
1614 1
1626 1
1641 1
1646 1
1647 1
1767 1
1781 4
1787 3
1788 1
1824 1
1945 1
1949 1
196 2
1963 1
1978 1
205 1
2059 1
2110 1
2111 2
2126 2
2179 1
224 1
249 2
2534 1
254 1
2546 1
2556 2
2650 1
2698 1
2708 2
272 1
2732 1
288 1
3 1
3073 1
3093 1
316 1
3184 1
3188 1
321 1
381 1
398 1
4 61
40 1
404 2
410 1
435 1
437 1
463 2
464 2
483 3
491 1
5 14
560 1
576 1
583 1
584 3
6 123
600 1
627 1
631 2
632 1
642 1
644 1
653 2
669 1
680 212
691 1
761 1
762 1
763 4
795 1
799 3
823 1
830 2
914 1
915 1
917 1
919 2
945 1
984 1
987 1
989 2
990 2
algorithm 1
an 1
ca631112 1
cacm 1
correcting 1
e 1
error 1
irons 1
jb 1
march 1
november 1
parse 1
pm 1
t 1
