1007 1
1046 1
11 73
1131 1
1139 1
1140 1
1149 1
1198 1
1215 1
1223 1
123 1
1265 1
1303 1
1323 1
1358 1
1366 1
14 1
1421 1
1460 1
1462 1
1463 1
1467 1
1468 1
1477 1
1491 1
1496 2
1531 1
1535 1
1565 1
1601 1
1602 1
1613 1
1614 1
1626 1
1641 1
1781 1
1787 1
1788 1
1958 1
196 1
1978 1
1988 1
2 1
205 1
22 1
224 1
249 1
288 1
316 1
3184 1
3188 1
381 2
398 1
404 1
41 1
410 1
463 1
464 1
483 1
5 5
584 1
6 63
600 1
680 1
691 1
763 1
799 1
8 1
919 1
990 1
a 2
ca580902 1
cacm 1
changing 1
communication 1
j 3
jb 1
machines 1
march 1
mock 1
o 1
of 1
olsztyn 1
part 1
pm 1
problem 1
programming 1
proposed 1
september 1
solution 1
steel 1
strong 1
t 1
the 1
tritter 1
wegstein 1
with 1
