1007 1
1046 1
11 1
1102 1
1109 1
1131 1
1139 2
1140 2
1141 2
1149 1
1188 1
1198 1
1215 4
1223 2
123 2
1265 1
1303 1
1306 1
1323 2
1358 2
1366 1
1380 1
1396 1
140 1
1421 1
1460 1
1462 1
1463 1
1464 1
1467 1
1468 1
1477 2
1491 4
1496 3
1498 1
1531 1
1535 1
1542 1
1565 1
1601 1
1602 1
1613 1
1614 1
1626 1
1641 1
1647 1
1665 2
1683 2
1693 1
1767 2
1768 2
1781 8
1787 231
1788 1
1792 1
1824 1
1825 1
1836 2
1860 1
1861 1
1945 4
1949 1
1959 1
196 2
1968 1
1973 1
1978 1
1988 1
1989 1
2 1
2015 1
205 1
2059 1
2060 1
2061 2
2082 1
2091 1
2110 1
2111 2
2112 1
2126 1
2127 1
2152 1
2179 1
2182 1
2187 1
224 2
2252 1
23 1
2317 1
2340 1
2356 1
249 2
2534 3
254 1
2541 1
2545 1
2546 1
2556 1
2603 2
267 1
2698 3
2708 2
272 1
2732 1
2733 2
2820 1
2824 1
288 1
2982 1
2986 1
3045 1
3073 2
3093 1
3155 1
316 1
3184 1
3188 1
321 1
35 1
364 1
381 1
398 1
4 129
404 1
405 1
410 1
412 1
435 1
437 1
438 1
463 2
464 1
483 2
491 1
5 14
523 1
560 1
583 1
584 1
6 73
600 1
627 1
631 1
632 1
642 1
644 1
653 1
680 3
691 1
761 1
762 1
763 4
799 3
830 1
919 2
989 1
990 1
a 4
algorithms 1
an 2
and 1
be 1
besides 1
bnf 1
ca680107 1
cacm 1
checking 1
compilation 1
compilers 1
compiling 1
constructs 1
context 1
corresponding 1
d 1
described 1
effectively 1
efficient 1
examples 1
february 1
for 2
formal 1
free 1
from 1
grammar 2
gries 1
how 1
illustrate 1
in 2
is 1
january 1
jb 1
language 2
language 1
left 1
matrices 2
matrix 1
may 1
number 1
of 4
operates 1
other 1
parsing 1
pm 1
purposes 1
pushdown 1
recognizer 2
recognizers 1
right 1
sentences 1
stack 1
such 1
suitable 1
syntax 1
the 3
transition 3
translation 1
two 1
type 1
use 1
used 2
usual 1
which 1
with 2
