10 1
1007 1
1012 1
1046 1
1084 1
1098 1
11 1
1122 1
1131 1
1138 1
1139 2
1140 2
1141 2
1149 1
1191 1
1198 1
1200 1
1215 1
1223 2
123 1
1263 1
1265 2
1303 1
1323 1
1336 1
1358 1
1366 2
1379 1
1380 1
1396 1
1421 3
1455 1
1460 1
1462 1
1463 1
1467 1
1468 1
1469 1
1477 183
1487 1
1491 12
1496 2
1531 1
1535 1
1565 1
1601 1
1602 1
1613 1
1614 2
1626 1
1641 1
1693 1
1781 4
1787 2
1788 1
1825 2
1836 1
1869 1
1945 1
196 1
1966 1
1978 1
2015 2
205 1
2060 1
2061 1
2091 1
210 1
2110 3
2111 1
2126 1
2179 1
224 1
249 1
2534 2
2546 1
2556 2
2698 1
2708 1
288 1
3 2
3045 1
316 1
3184 4
3188 1
381 1
398 1
404 2
410 1
463 1
464 1
483 2
5 17
577 1
584 2
6 149
600 1
669 2
680 4
691 1
761 1
763 2
773 1
799 2
823 1
914 1
915 1
917 1
919 1
984 1
989 1
990 2
a 1
algol 1
and 1
ca660207 1
cacm 1
definition 1
euler 1
february 1
formal 1
generalization 1
h 1
ii 1
its 1
jb 1
march 1
n 1
of 1
part 1
pm 1
weber 1
wirth 1
