10 1
1024 1
1028 1
1029 1
1051 1
106 1
1083 1
1086 1
1102 1
1132 110
1214 2
1234 1
1263 1
1265 1
1270 1
1278 1
1323 1
1334 1
1358 1
1365 1
1379 1
1380 1
1386 1
1387 1
1388 1
1390 1
1392 1
1393 1
1394 1
1395 1
1396 2
1397 1
1453 1
1464 1
1484 1
1486 1
1491 1
1496 1
1498 1
1549 1
1613 1
1614 1
1706 1
1781 1
1825 1
1826 1
1860 1
1878 1
1964 1
1978 1
2060 1
2083 1
210 1
2155 1
2168 1
2178 1
2179 1
2252 1
2325 1
2341 1
2546 1
2645 1
2652 1
2684 1
2719 1
2723 1
2838 1
284 1
2842 2
2855 1
2879 1
2929 1
2934 1
3 1
3069 1
3077 1
3080 1
3106 1
3184 1
3199 1
3200 1
3201 1
3202 1
3203 1
3204 1
378 1
4 65
407 1
45 1
5 7
561 1
6 31
627 1
669 1
679 1
691 1
730 1
731 1
761 1
949 1
964 1
989 1
a 1
algol 1
am 1
an 1
ca640211 1
cacm 1
extension 1
february 1
for 1
formulae 1
iturriaga 1
j 1
jb 1
manipulating 1
march 1
perlis 1
r 1
to 1
