1 1
10 2
1007 1
1046 1
1086 2
11 1
1131 1
1132 1
1134 1
1137 1
1139 1
1140 2
1149 1
1198 2
1215 2
1223 1
123 1
1234 1
1263 2
1265 2
1270 1
1303 4
1323 4
1358 3
1366 2
1379 1
1380 1
1389 1
1421 3
145 1
1453 2
1460 2
1462 1
1463 1
1464 1
1466 1
1467 1
1468 2
1477 4
1484 1
1491 4
1496 3
1498 1
1531 1
1535 1
1565 1
1601 1
1602 1
1613 2
1614 2
1626 2
1641 2
17 1
1749 1
1781 3
1785 1
1786 1
1787 1
1788 1
1825 2
1828 1
1854 1
1860 1
1877 1
196 5
1960 1
1963 1
1982 1
2015 1
205 2
2059 1
2060 1
2083 1
21 1
210 2
2110 1
2126 1
2127 1
2148 1
2150 2
2155 1
2178 1
2179 1
2192 1
2228 1
224 1
2252 1
2256 1
2317 2
2319 1
2325 1
2341 1
2342 2
2376 2
2377 1
2379 1
2424 1
2482 1
249 1
2546 1
2618 2
2632 1
2645 1
2652 1
267 1
2684 1
2704 1
2723 1
2738 1
2740 1
2741 1
2842 1
2867 1
288 2
2929 1
2934 1
3069 1
316 1
3184 310
3188 1
321 1
378 1
381 1
385 1
398 1
4 32
400 1
402 1
404 5
407 1
410 2
437 1
463 1
464 2
483 2
5 46
557 1
584 2
6 186
60 1
60 1
600 1
631 1
635 1
669 2
679 1
680 1
691 2
729 3
731 1
761 2
763 1
799 4
823 1
919 1
944 1
947 1
949 1
987 1
988 1
989 3
990 2
a 4
algol 2
algorithmic 2
am 1
automatic 2
ca630117 1
cacm 1
class 1
complete 1
computers 1
concise 1
defining 1
description 1
direct 1
es 1
expressing 1
for 2
form 1
gives 1
in 1
international 1
into 1
is 1
january 1
language 4
large 1
march 1
nuar 1
numerical 1
of 3
on 1
p 1
processes 1
programmed 1
report 2
revised 1
sufficiently 1
suitable 1
the 4
this 1
translation 1
