1 1
1007 1
1046 1
11 1
1131 1
1139 1
1140 1
1149 1
1198 1
1215 1
1223 1
123 1
1265 1
1303 1
1323 1
1358 1
1366 1
1421 1
1460 1
1462 1
1463 1
1467 1
1468 1
1477 1
1491 1
1496 1
1531 1
1535 1
1565 1
1601 1
1602 1
1613 1
1614 1
1626 1
1641 1
1781 1
1787 1
1788 1
196 1
1962 1
1978 1
20 1
205 1
224 1
249 1
288 1
316 1
3184 1
3188 1
381 1
398 1
404 1
410 1
463 1
464 1
483 1
5 4
52 1
584 1
6 59
600 67
61 1
680 1
691 1
763 1
799 1
919 1
990 1
berman 1
ca620505 1
cacm 1
charts 1
cobol 1
j 1
jb 1
l 1
march 1
may 1
of 1
pm 1
r 1
sharp 1
sturges 1
syntactical 1
