1007 1
1046 1
11 1
1131 1
1139 1
1140 1
1149 1
1185 1
1198 1
1215 1
1223 1
123 1
1265 1
1303 1
1323 1
1358 1
1366 1
1421 1
1455 1
1460 1
1462 1
1463 1
1467 1
1468 1
1477 1
1491 1
1496 1
1530 1
1531 80
1535 1
1565 2
1601 1
1602 1
1613 1
1614 1
1626 1
1641 1
1703 1
1781 1
1787 1
1788 1
1945 1
196 1
1963 1
1967 1
1978 1
2 1
2036 1
205 1
224 1
249 1
27 1
2707 1
2753 1
288 1
316 1
3184 1
3188 1
381 1
398 1
4 9
40 1
404 1
410 1
463 1
464 1
483 1
5 6
584 1
6 59
60 3
600 1
680 1
691 1
763 1
799 1
919 1
990 1
algol 3
ambiguities 1
been 1
ca671002 1
cacm 1
d 1
e 1
february 1
have 1
in 3
jb 1
knuth 1
language 1
lists 1
noticed 1
october 1
of 1
paper 1
pm 1
publication 1
remaining 2
report 1
revised 1
since 1
spots 1
the 5
this 1
trouble 1
which 1
