10 1
1086 59
1132 1
1134 1
1137 1
12 1
1234 1
1263 1
1265 1
1270 1
1323 1
1358 1
1379 1
1380 1
1453 2
1464 1
1484 1
1491 1
1496 1
1498 1
1613 2
1614 1
1781 1
18 1
1825 1
1860 1
1964 1
1978 1
2083 1
2178 1
2179 1
2252 1
2325 1
2341 1
2546 1
2645 1
2652 1
2684 1
2842 1
2929 1
2934 1
3069 1
3184 2
4 42
5 6
6 5
60 1
669 1
679 1
691 1
761 1
949 1
987 1
989 1
a 2
acm 1
algol 2
am 1
ca640501 1
cacm 1
committee 1
conventions 1
for 1
in 1
input 1
jb 1
language 1
march 1
may 1
of 2
on 1
output 1
programming 1
proposal 1
report 1
subcommittee 1
the 2
