1007 1
1046 2
11 2
1105 1
1131 1
1139 3
1140 2
1141 1
1149 1
1198 1
1215 2
1223 1
123 1
1234 1
1263 1
1265 2
1303 1
1323 2
1358 2
1366 1
1380 1
14 1
1421 2
1460 2
1462 1
1463 1
1467 1
1468 1
1477 2
1491 3
1496 3
1531 1
1535 1
1565 1
1601 1
1602 1
1613 1
1614 1
1626 1
1641 1
1665 1
1781 6
1787 3
1788 1
1824 1
1947 1
1959 1
196 3
1963 1
1973 1
1978 1
1989 1
205 2
2110 2
2111 1
2112 1
2126 1
2179 1
2182 1
2204 1
222 1
224 2
2247 1
2423 1
249 1
2534 2
2541 1
2546 1
2556 1
267 1
2698 1
2732 1
2733 1
2786 1
2820 1
288 1
3073 2
3155 1
316 1
3184 4
3186 1
3188 1
378 1
381 1
398 1
399 1
4 28
404 2
410 1
463 1
464 2
483 1
5 22
556 1
584 2
6 117
600 1
631 2
653 1
680 3
691 1
729 1
731 1
763 3
795 1
799 189
8 1
82 1
830 1
919 1
945 2
990 1
a 5
algol 1
am 1
applicable 1
are 1
ca630725 1
cacm 1
cobol 2
compact 1
compilation 1
compiler 4
compilers 1
computer 1
construction 1
conway 1
design 2
diagram 1
e 1
enough 1
for 1
given 1
is 2
jb 1
july 1
large 2
largely 1
m 1
machines 1
march 1
methods 1
moderately 1
of 5
on 1
one 1
only 1
pass 1
permit 1
plus 1
presented 1
rapid 1
require 1
same 1
separable 1
smaller 1
subset 1
tape 1
tapes 1
the 3
to 2
transition 1
two 1
versions 1
which 1
working 1
