1024 1
1051 1
106 1
1086 1
1098 1
1132 1
1214 1
1234 1
1263 1
1265 1
1270 1
1323 2
1358 3
1379 1
1380 138
1388 1
1393 1
1421 2
1424 1
1453 1
1464 1
1469 1
1477 1
1484 2
1485 1
1487 1
1491 2
1498 1
1541 1
1549 1
1552 1
1570 1
1572 2
1613 1
1614 1
1665 1
1693 1
1728 1
1751 1
1752 1
1781 3
1787 1
1810 1
1825 1
1826 1
1846 1
1854 1
1860 2
1869 1
1878 1
1879 1
1946 1
1957 1
1966 1
1972 1
1978 1
1989 1
2 1
2060 2
2083 1
2095 1
21 1
210 1
2110 1
2112 1
2168 1
2178 1
2179 1
2218 1
2252 1
2325 1
2341 1
2438 1
2534 1
2541 1
2546 1
2645 1
2652 1
2684 1
2698 1
2723 2
2733 1
2736 1
2820 1
2833 1
2838 1
2842 1
2857 1
2929 1
2934 1
3069 1
3073 1
3112 2
3155 1
3184 1
4 81
5 12
557 1
576 1
6 34
60 1
669 1
679 1
691 1
731 2
761 1
799 1
949 1
989 1
a 4
algol 2
also 1
an 3
analyst 1
as 1
based 1
ca660907 1
cacm 1
concepts 2
concise 1
dahl 1
description 2
designed 1
discrete 1
event 1
extension 1
facilitate 1
important 1
in 1
introduction 1
is 3
j 1
jb 1
k 1
language 3
march 1
most 1
new 1
nygaard 1
o 1
of 3
paper 1
parallel 1
pm 1
processing 1
program 1
programming 1
provide 1
quasi 1
september 1
serves 1
simula 3
simulation 2
source 1
system 1
systems 2
that 1
the 2
this 1
to 2
unified 1
which 2
with 1
