1 1
10 1
1024 1
1050 1
1051 2
106 1
1102 96
1109 1
1132 1
1140 1
1142 1
1188 1
123 1
1306 1
1390 1
140 1
1464 1
1486 1
1491 1
1549 2
1706 1
1767 1
1781 2
1787 1
1826 1
1878 1
1945 1
1949 1
196 1
1964 1
1978 1
2059 1
2060 1
209 1
210 1
2126 1
2155 1
2168 1
249 1
254 1
2719 1
272 1
2723 1
2732 1
2838 1
2842 1
2855 1
2879 1
3008 1
3073 1
3077 1
3080 1
3106 1
321 1
378 2
4 80
406 1
435 1
437 1
463 1
483 2
49 1
491 1
5 8
560 1
583 1
627 2
631 1
632 1
642 1
644 1
653 1
680 1
731 1
761 1
762 2
763 1
798 1
919 1
949 1
989 1
a 1
am 1
april 1
ca640406 1
cacm 1
course 1
gorn 1
jb 1
languages 1
march 1
mechanical 1
s 1
specification 1
