00 1
1 1
1012 1
1068 1
1084 2
1098 1
1102 1
1122 1
1138 1
1139 1
1141 1
1142 1
12 1
1200 1
1215 1
1223 1
1225 2
1247 1
1263 1
1265 1
13 1
1336 1
1350 3
1379 2
1396 3
1399 1
1400 1
1453 1
1455 1
1477 1
1487 1
1491 1
1496 2
1530 1
1531 1
1542 1
1551 1
1553 1
1565 1
1570 1
1612 1
1625 1
1646 1
1659 2
1678 1
1683 2
1693 2
1703 1
1705 1
1767 1
1768 2
1781 11
1787 4
1807 1
1836 2
1860 1
1927 1
1945 219
1947 1
1969 1
1978 1
1988 1
20 1
2015 1
2034 1
2036 1
2060 2
2061 3
2082 1
2091 2
2097 1
2110 1
2126 1
2127 1
2147 1
2152 1
2163 1
2179 2
2187 1
2252 1
2314 1
2329 1
2340 1
2341 1
2345 1
2356 1
2367 1
2396 1
2407 1
2478 1
2479 1
2480 1
2538 1
2546 2
2603 2
2650 1
2698 3
2708 3
2730 1
2824 1
2982 1
2986 1
3003 1
3045 2
3093 2
3094 1
4 137
40 1
483 1
5 33
52 1
584 1
6 16
669 1
680 1
691 1
762 1
763 1
823 1
914 1
915 1
917 1
949 2
984 1
989 1
990 1
a 4
advanced 1
also 1
an 1
and 3
application 1
arden 1
are 2
as 2
b 1
been 1
bibliography 3
brief 1
ca690104 1
cacm 1
computer 1
considered 2
content 1
course 2
courses 1
curriculum 1
discussed 1
empirical 1
experimentation 1
extensive 1
february 1
for 2
formalism 1
from 1
general 1
given 1
good 1
graduate 4
have 1
headings 1
importance 1
in 3
included 2
is 4
january 1
jb 1
level 1
matter 1
need 1
obtained 1
of 5
outline 1
paper 1
per 1
ph 1
pm 1
program 1
programming 8
programs 1
references 1
related 1
research 1
role 2
science 1
se 1
sequence 2
subject 2
that 1
the 4
this 1
to 1
topics 1
training 1
w 1
well 1
