1046 1
1102 1
1105 1
1109 1
1139 2
1140 2
1188 1
123 1
1234 1
1263 1
1265 2
1306 1
140 1
1464 1
1491 1
1496 1
1665 1
17 1
1767 1
1781 3
1787 1
1824 1
1949 1
196 2
1962 1
1978 1
20 1
2059 1
2126 2
224 2
249 1
254 1
2546 1
272 1
2732 1
3 1
3073 1
3184 1
321 1
378 1
399 1
4 61
404 4
412 1
435 1
437 1
438 1
463 1
464 3
483 1
491 1
5 9
560 1
583 1
584 1
6 20
627 1
631 99
632 1
635 1
642 1
644 1
653 2
680 2
761 1
762 1
763 3
795 1
799 2
919 1
945 1
989 1
analysis 1
automatic 1
b 1
ca620301 1
cacm 1
j 1
jb 1
language 1
ledley 1
march 2
pm 1
programming 1
r 1
syntactical 1
through 1
translation 1
wilson 1
