1007 1
1037 1
1046 1
1086 1
11 1
1131 1
1132 1
1139 1
1140 1
1149 1
1162 1
1198 1
1215 1
1223 1
123 1
1234 2
1263 1
1265 2
1270 1
1303 1
1323 3
1358 164
1366 1
1379 1
1380 3
1421 1
1453 1
1455 1
1460 2
1462 1
1463 1
1464 1
1467 1
1468 1
1477 1
1484 1
1491 3
1496 2
1498 1
1531 1
1535 1
1541 1
1565 3
1601 1
1602 1
1613 2
1614 3
1626 1
1641 1
1665 1
1781 6
1787 2
1788 2
1824 1
1825 1
1860 1
196 1
1966 1
1978 1
1989 1
2 1
205 3
2083 1
2112 1
2155 1
2178 1
2179 1
224 1
2252 2
2325 1
2341 1
249 1
2534 1
2541 1
2546 1
2645 1
2652 1
2684 1
2698 1
2733 1
2820 1
2842 1
288 1
2929 1
2934 1
3 1
3069 1
3073 1
3155 1
316 1
3184 3
3188 1
381 1
398 1
4 65
404 2
410 1
46 1
463 1
464 1
483 1
5 13
584 1
6 73
600 1
669 1
679 1
680 1
691 2
729 1
761 1
763 1
799 2
919 1
949 1
989 1
990 1
a 4
allows 1
also 1
alternatives 1
and 4
approach 1
are 3
b 1
base 2
based 2
by 2
ca661102 1
cacm 1
called 1
conditional 1
define 1
described 2
discussed 1
elements 1
examples 1
extended 2
formalism 1
generation 1
given 2
high 1
is 1
jb 1
language 2
leavenworth 1
level 1
m 1
macro 1
macros 4
march 1
new 1
november 1
of 6
on 2
one 1
options 1
pm 1
recognized 1
scan 1
semantics 1
string 1
syntactic 1
syntax 4
the 5
their 1
to 1
transformations 1
translation 2
two 1
types 1
use 2
which 1
