09 1
1007 1
1046 1
11 1
1131 1
1139 1
1140 2
1149 1
1198 1
1215 1
1223 1
123 1
1265 1
1303 109
1323 4
1358 1
1366 1
1421 1
1460 1
1462 1
1463 1
1467 1
1468 1
1469 2
1477 1
1486 1
1491 2
1496 1
1531 1
1535 1
1565 1
1601 1
1602 1
1613 1
1614 1
1626 1
1641 1
1781 1
1787 1
1788 1
1834 2
196 2
1965 1
1978 1
205 1
2059 1
210 1
2127 1
2178 1
2192 1
224 1
2264 1
2326 1
2470 1
249 1
2684 1
288 1
3044 1
316 1
3184 4
3186 1
3188 1
381 1
398 1
404 1
410 1
463 1
464 1
483 1
5 12
584 1
6 86
60 1
600 1
680 1
691 1
7 1
729 1
763 1
799 1
919 1
990 1
a 1
algol 1
and 1
between 1
ca650304 1
cacm 1
churchs 1
correspondence 1
ii 1
j 1
jb 1
lambda 1
landin 1
march 2
notation 1
p 1
part 1
pm 1
