1007 1
1012 1
1046 2
1084 1
1098 1
11 1
1105 1
1122 1
1131 1
1138 1
1139 3
1140 2
1141 1
1149 1
1198 1
1200 1
1215 1
1223 2
123 1
1234 1
1263 1
1265 3
1303 1
1323 1
1336 1
1358 1
1366 1
1396 1
1421 1
1455 1
1460 1
1462 1
1463 1
1467 1
1468 1
1477 2
1487 1
1491 2
1496 3
1531 1
1535 1
1565 1
1601 1
1602 1
1613 1
1614 1
1626 1
1641 1
17 1
1781 2
1787 1
1788 1
1824 1
1945 1
196 1
1962 1
1978 1
205 1
2126 1
224 1
249 1
2546 1
288 1
316 1
3184 2
3188 1
38 1
381 1
398 1
4 21
404 2
410 1
463 1
464 2
483 3
5 7
584 126
6 91
600 1
631 1
653 1
669 1
680 3
691 1
763 3
795 1
799 2
823 1
9 1
914 1
915 1
917 1
919 1
945 1
949 1
984 1
989 1
990 2
algorithmic 1
ca620601 1
cacm 1
fortran 1
i 1
ii 1
jb 1
june 1
language 1
march 1
n 1
on 1
pm 1
rabinowitz 1
report 1
the 1
