1 1
1007 1
1046 2
11 1
1105 1
1131 1
1137 1
1139 2
1140 2
1141 1
1149 1
1198 1
1215 1
1223 1
123 1
1234 1
1263 1
1265 2
1303 1
1323 1
1358 2
1366 1
1421 1
1460 1
1462 1
1463 1
1467 1
1468 1
1477 2
1491 2
1496 2
1531 1
1535 1
1565 1
16 1
1601 1
1602 1
1613 1
1614 3
1626 1
1641 1
1693 1
17 1
1781 2
1787 1
1788 1
1824 1
196 7
1961 1
1978 1
205 1
2126 2
224 3
249 1
2546 1
265 1
288 1
316 1
3184 5
3188 1
321 1
381 1
385 1
398 1
399 2
400 1
402 1
404 171
410 1
412 1
438 1
463 1
464 4
483 1
5 24
584 2
6 123
60 1
600 1
631 4
635 1
653 1
680 2
691 1
729 1
763 2
795 1
799 2
82 1
823 1
919 1
931 1
944 1
945 2
989 1
990 1
a 1
algol 1
am 1
ca610110 1
cacm 1
compiler 1
directed 1
e 1
for 1
irons 1
january 1
jb 1
march 1
syntax 1
t 1
