02 1
10 1
1007 1
1046 2
1062 1
1072 1
1086 1
11 1
1102 2
1105 1
1109 1
1121 1
1131 1
1132 1
1139 4
1140 3
1141 3
1142 1
1149 1
1155 1
1188 1
1191 1
1198 2
12 1
1215 4
1223 2
1225 1
123 2
1234 2
1263 2
1265 6
1270 1
1303 1
1306 2
1323 3
1324 1
1350 2
1358 6
1366 1
1379 2
1380 3
1396 1
1399 1
140 1
1421 1
1425 1
1453 1
1460 1
1462 1
1463 1
1464 2
1467 1
1468 1
1469 1
1477 4
1484 1
1486 1
1487 1
1491 8
1496 3
1498 2
1503 1
1527 1
1530 1
1531 1
1535 1
1541 1
1542 1
1552 1
1565 3
1572 1
1601 1
1602 1
1612 1
1613 2
1614 4
1626 2
1641 1
1646 1
1647 1
1659 1
1665 2
1683 1
1693 5
1708 2
1739 1
1748 1
1749 1
1753 1
1767 4
1768 2
1781 564
1787 8
1788 3
1792 1
1807 1
1824 4
1825 2
1826 1
1836 3
1852 1
1854 1
1856 1
1860 6
1861 2
1945 11
1947 1
1949 1
196 2
1968 1
1978 1
1988 3
1989 1
2 1
2015 2
2034 1
205 1
2059 1
2060 3
2061 3
2082 1
2083 1
2091 3
2110 3
2112 1
2126 4
2127 1
2148 1
2150 1
2152 1
2156 1
2168 1
2175 1
2178 3
2179 4
2187 1
22 1
2228 1
224 2
2249 1
2252 3
2256 1
2299 1
23 1
2314 1
2317 2
2325 1
2326 2
2340 1
2341 4
2342 1
2356 1
2376 1
2423 1
2470 1
249 2
2534 2
254 1
2541 1
2545 1
2546 4
2556 1
2579 1
2603 2
2618 1
2645 1
2650 1
2652 1
267 1
2684 3
2698 5
2708 4
2719 1
272 1
2732 1
2733 2
2736 1
2786 1
2820 1
2824 1
2833 1
2842 1
288 1
2929 1
2934 1
2982 1
2986 1
3044 1
3045 2
3069 1
3073 2
3093 2
3094 1
3155 1
316 1
3184 3
3188 1
321 1
364 1
378 1
381 1
398 1
4 349
404 2
405 1
408 1
41 1
410 1
435 1
437 1
438 2
463 2
464 2
483 2
491 1
5 76
523 1
557 1
560 1
577 1
583 1
584 2
6 65
600 1
627 1
631 3
632 1
637 1
642 1
644 1
653 2
669 2
679 1
680 4
691 2
720 1
729 1
759 1
761 2
762 3
763 5
795 1
799 6
919 2
945 1
949 3
989 3
990 1
a 1
analysis 1
and 2
application 1
approaches 1
are 2
aspects 1
assembler 1
automate 1
automating 1
ca680201 1
cacm 1
compiler 3
critical 1
d 1
directed 1
discussed 2
efforts 1
february 2
feldman 1
formal 1
generator 1
gries 1
ii 1
iii 1
in 3
is 1
its 1
iv 1
j 1
jb 1
languages 1
macroprocessor 1
meta 1
metacompiler 1
of 5
parser 1
pm 1
post 1
presented 1
programming 1
recent 1
related 1
review 1
section 3
semantic 1
semantics 1
several 1
study 1
syntactic 2
syntax 3
systems 2
the 3
to 3
topics 1
translator 5
translators 1
various 1
writing 5
