1205 1
152 1
1659 1
1678 1
1751 1
1771 1
1892 1
1901 1
1927 1
1945 1
1972 1
1978 1
2085 1
2095 1
2097 1
2147 1
2163 1
2187 1
2218 1
2277 1
2319 1
2329 54
2345 1
2358 1
2367 1
2373 1
2380 1
2407 1
2434 1
2478 2
2479 1
2480 1
2499 1
2501 1
2538 1
2582 1
2669 1
2828 1
2863 1
2881 1
2928 1
2996 1
3 1
30 1
3003 1
3006 1
3067 1
4 23
49 1
5 6
6 19
60 1
a 2
ca720616 1
cacm 1
circle 1
computer 3
curriculum 1
design 1
education 1
engineering 1
january 1
jb 1
june 1
kandel 1
pm 1
science 2
systems 1
vicious 1
