1007 1
1012 1
1046 1
1084 1
1098 1
11 1
1102 2
1109 1
1122 1
1131 1
1138 1
1139 2
1140 2
1141 1
1142 1
1149 1
1188 1
1198 1
1200 1
1215 1
1223 2
123 2
1265 2
1303 1
1306 1
1323 1
1336 1
1358 1
1366 1
1396 1
140 1
1421 1
1455 1
1460 1
1462 1
1463 1
1464 1
1467 1
1468 1
1477 2
1487 1
1491 3
1496 2
1531 1
1535 1
1565 1
1601 1
1602 1
1613 1
1614 1
1626 1
1641 1
17 1
1767 1
1781 2
1787 2
1788 1
1945 1
1949 1
196 4
1962 1
1978 1
205 1
2059 1
209 1
210 1
2126 1
224 1
249 3
254 1
272 1
2732 1
288 1
3073 1
316 1
3184 2
3188 1
321 1
33 1
381 1
398 1
4 40
404 1
406 1
410 1
435 1
437 1
463 2
464 1
483 160
491 1
5 10
560 1
583 1
584 3
6 100
60 3
600 1
627 1
631 1
632 1
642 1
644 1
653 1
669 1
680 3
691 1
7 1
761 1
762 2
763 3
799 1
823 1
914 1
915 1
917 1
919 2
949 1
984 1
989 2
990 2
a 1
algol 3
are 1
by 2
ca620909 1
cacm 1
define 1
defined 1
floyd 1
for 1
formal 2
grammar 2
informally 1
is 2
it 1
jb 1
march 1
mechanisms 2
no 1
nonexistence 1
of 3
on 1
partly 2
phrase 2
pm 1
r 1
restrictions 1
september 1
shown 1
stated 1
structure 2
sufficient 1
that 1
the 2
to 1
type 1
used 1
w 1
