1007 1
1046 1
11 1
1131 1
1139 1
1140 1
1149 1
1198 112
1215 1
1223 1
123 1
1265 1
1303 1
1323 1
1338 5
1358 1
1366 1
1421 1
1460 1
1462 1
1463 1
1467 1
1468 1
1477 1
1491 1
1496 1
1531 1
1535 1
1565 1
1572 1
1601 1
1602 1
1613 1
1614 1
1626 1
1641 1
1693 1
1749 6
1753 1
1781 2
1787 1
1788 1
1877 1
196 1
1960 1
1965 1
1978 1
205 1
2126 1
2148 1
2150 1
2228 1
224 1
2256 2
2317 1
2342 1
2376 1
24 1
249 1
2618 1
288 1
316 1
3184 2
3188 1
381 1
398 1
404 1
410 1
463 1
464 1
483 1
5 12
557 1
584 1
6 89
600 1
680 1
691 1
7 1
763 1
799 1
919 1
990 1
a 3
and 1
any 1
at 1
be 1
ca650908 1
cacm 1
can 1
communication 1
concurrent 1
control 1
critical 1
cycle 1
cyclic 1
dijkstra 1
e 1
each 1
engaged 1
in 3
independent 1
is 1
its 1
jb 1
made 1
mainly 1
march 1
means 1
moment 1
number 1
of 5
one 2
only 1
other 1
pm 1
problem 1
processes 1
programming 1
restricted 1
section 1
september 1
sequential 1
solution 1
such 1
that 1
the 1
them 1
w 1
way 1
with 2
