1046 1
1086 1
1105 1
1132 1
1139 1
1140 1
1234 2
1263 83
1265 2
1270 1
1323 1
1358 1
1379 2
1380 1
1453 2
1464 1
1477 1
1484 1
1491 1
1496 1
1498 1
1613 1
1614 1
1781 2
1824 1
1825 1
1860 1
19 1
1945 1
1965 1
1978 1
2 1
2083 1
2126 1
2178 1
2179 1
2252 1
2325 1
2341 1
2546 2
2645 1
2652 1
2684 1
2842 1
2929 1
2934 1
3069 1
3184 2
4 64
404 1
464 1
5 7
584 1
6 5
631 1
653 1
669 2
679 1
680 1
691 1
7 1
761 2
763 1
795 1
799 1
945 1
949 1
989 2
additional 1
adequate 1
algol 1
and 2
are 1
basic 1
burkhardt 1
ca650508 1
cacm 1
described 1
description 1
for 2
formal 1
fortran 1
h 1
jb 1
march 1
may 1
metalanguage 1
metalanguages 1
metaoperators 1
of 2
one 1
other 1
pm 1
specification 2
sufficient 1
syntax 2
table 2
the 4
two 1
used 1
w 1
with 1
