02 1
1051 1
1086 1
1132 1
1234 1
1263 1
1265 1
1270 1
1323 1
1358 1
1366 1
1379 1
1380 2
1389 2
1396 1
1421 1
1453 1
1464 1
1484 1
1491 1
1496 1
1498 1
15 1
1503 1
1552 2
1613 1
1614 1
1626 2
1641 1
1653 1
1665 1
1676 1
1682 1
1693 1
1708 2
1728 1
1747 1
1767 1
1781 6
1785 1
1786 1
1787 1
1825 1
1826 1
1854 1
1860 163
1945 1
1957 2
1969 1
1973 2
1978 1
1988 1
1992 1
2018 2
2032 1
2033 2
2060 1
2083 1
2091 1
2107 2
2109 2
2151 1
2155 2
2156 1
2162 1
2168 1
2178 1
2179 1
2203 2
2249 1
2251 2
2252 2
2299 1
2314 1
2325 1
2341 1
2359 1
2524 1
2543 2
2546 1
2552 1
2559 1
2573 1
2645 1
2652 1
2684 1
2719 1
2736 1
2770 1
2817 1
2833 1
2842 1
2865 1
2877 1
2929 1
2934 1
2939 1
2991 1
3053 1
3069 1
3073 1
3103 1
3148 1
3184 1
378 1
4 116
422 1
5 17
557 1
6 14
669 1
679 1
691 1
731 1
761 1
949 1
989 1
a 4
algol 2
an 1
and 2
applications 1
associative 3
august 1
based 1
been 2
ca690803 1
cacm 1
coding 1
comparison 1
complex 1
data 2
designed 1
discussion 1
examples 1
february 1
feldman 1
for 1
has 2
hash 1
high 1
implemented 2
includes 1
j 1
jb 1
language 4
large 1
level 1
of 2
other 1
pm 1
programming 2
structure 2
structures 1
technique 1
the 3
underlying 1
using 1
with 1
work 1
