1046 1
1102 1
1105 1
1109 1
1139 1
1140 2
1188 1
123 1
1234 1
1263 1
1265 1
1306 1
1324 1
140 1
1464 1
1491 1
1496 1
1767 1
1781 2
1787 1
1824 1
1949 1
196 1
1962 1
1978 1
20 1
2059 1
2126 2
249 1
254 1
2546 1
272 1
2732 1
3073 1
321 1
39 1
4 62
404 1
435 1
437 1
463 1
464 1
483 1
491 1
5 7
560 1
583 1
584 1
6 5
627 1
631 2
632 1
634 1
642 1
644 1
652 1
653 80
656 1
680 2
761 1
762 1
763 2
795 1
799 1
892 1
919 1
945 1
989 1
a 1
ca620106 1
cacm 1
cheatham 1
couched 1
e 1
english 1
in 1
january 1
jb 1
jr 1
language 1
like 1
march 1
of 1
pm 1
requests 1
retrieval 1
s 1
semiformal 1
t 1
translation 1
warshall 1
